%YAML:1.0
model_type: KANNALA_BRANDT
camera_name: cam_left_26032015
image_width: 640
image_height: 480
projection_parameters:
   k2: 1.8210998442222388e-03
   k3: 3.9109969299923435e-03
   k4: -2.1122791324613575e-04
   k5: 7.9401212004733966e-05
   mu: 1.8876968418911110e+02
   mv: 1.8857654723379972e+02
   u0: 3.2301672867817973e+02
   v0: 2.3506670494978019e+02
